origen,fecha_objetivo,horizonte,modelo,insumo_id,real,prediccion
2024-01-01,2024-01-01,1,participacion_historica,HARINA,0.0,0.1219863547723304
2024-01-01,2024-01-01,1,participacion_historica,CHOCOLATE,0.0,0.14001756349655242
2024-01-01,2024-01-01,1,participacion_historica,FONDANT,0.0,0.08605474570896356
2024-01-01,2024-01-01,1,participacion_historica,EMPAQUE,0.0,0.08003899735622504
2024-01-01,2024-01-01,1,participacion_historica,CHANTILLY,0.0,0.0808611123548461
2024-01-01,2024-01-01,1,participacion_historica,RELLENO,0.0,0.06920159691006349
2024-01-01,2024-01-01,1,participacion_historica,DECORACION,0.0,0.02831664123636726
2024-01-01,2024-01-01,1,participacion_historica,HUEVO,0.0,0.040046735383771064
2024-01-01,2024-01-01,1,participacion_historica,AMBIANTE,0.0,0.03813743307832972
2024-01-01,2024-01-01,1,participacion_historica,DOMO,0.0,0.019819037256383457
2024-01-01,2024-01-01,1,participacion_historica,CAPACILLOS,0.0,0.021299035909177276
2024-01-01,2024-01-01,1,participacion_historica,OTROS,0.0,0.031918605027066886
2024-01-01,2024-01-01,1,participacion_historica,otros,1.0,0.2423021415099234
2024-01-01,2024-01-01,1,participacion_ewm,HARINA,0.0,0.12258337047661458
2024-01-01,2024-01-01,1,participacion_ewm,CHOCOLATE,0.0,0.10994715100508813
2024-01-01,2024-01-01,1,participacion_ewm,FONDANT,0.0,0.06723179438346256
2024-01-01,2024-01-01,1,participacion_ewm,EMPAQUE,0.0,0.09568792245333048
2024-01-01,2024-01-01,1,participacion_ewm,CHANTILLY,0.0,0.07901474404741655
2024-01-01,2024-01-01,1,participacion_ewm,RELLENO,0.0,0.08335175498336278
2024-01-01,2024-01-01,1,participacion_ewm,DECORACION,0.0,0.03685838270807126
2024-01-01,2024-01-01,1,participacion_ewm,HUEVO,0.0,0.023473312429215357
2024-01-01,2024-01-01,1,participacion_ewm,AMBIANTE,0.0,0.03307011239258355
2024-01-01,2024-01-01,1,participacion_ewm,DOMO,0.0,0.016600975301026
2024-01-01,2024-01-01,1,participacion_ewm,CAPACILLOS,0.0,0.01304842426193519
2024-01-01,2024-01-01,1,participacion_ewm,OTROS,0.0,0.03925719223454255
2024-01-01,2024-01-01,1,participacion_ewm,otros,1.0,0.2798748633233511
2024-01-01,2024-01-08,2,participacion_historica,HARINA,0.20399925286402124,0.1219863547723304
2024-01-01,2024-01-08,2,participacion_historica,CHOCOLATE,0.03943217665615142,0.14001756349655242
2024-01-01,2024-01-08,2,participacion_historica,FONDANT,0.08612817532790967,0.08605474570896356
2024-01-01,2024-01-08,2,participacion_historica,EMPAQUE,0.06641208699983396,0.08003899735622504
2024-01-01,2024-01-08,2,participacion_historica,CHANTILLY,0.0,0.0808611123548461
2024-01-01,2024-01-08,2,participacion_historica,RELLENO,0.0,0.06920159691006349
2024-01-01,2024-01-08,2,participacion_historica,DECORACION,0.16914328407770213,0.02831664123636726
2024-01-01,2024-01-08,2,participacion_historica,HUEVO,0.08705171841275111,0.040046735383771064
2024-01-01,2024-01-08,2,participacion_historica,AMBIANTE,0.0,0.03813743307832972
2024-01-01,2024-01-08,2,participacion_historica,DOMO,0.0,0.019819037256383457
2024-01-01,2024-01-08,2,participacion_historica,CAPACILLOS,0.0,0.021299035909177276
2024-01-01,2024-01-08,2,participacion_historica,OTROS,0.0,0.031918605027066886
2024-01-01,2024-01-08,2,participacion_historica,otros,0.3478333056616304,0.2423021415099234
2024-01-01,2024-01-08,2,participacion_ewm,HARINA,0.20399925286402124,0.12258337047661458
2024-01-01,2024-01-08,2,participacion_ewm,CHOCOLATE,0.03943217665615142,0.10994715100508813
2024-01-01,2024-01-08,2,participacion_ewm,FONDANT,0.08612817532790967,0.06723179438346256
2024-01-01,2024-01-08,2,participacion_ewm,EMPAQUE,0.06641208699983396,0.09568792245333048
2024-01-01,2024-01-08,2,participacion_ewm,CHANTILLY,0.0,0.07901474404741655
2024-01-01,2024-01-08,2,participacion_ewm,RELLENO,0.0,0.08335175498336278
2024-01-01,2024-01-08,2,participacion_ewm,DECORACION,0.16914328407770213,0.03685838270807126
2024-01-01,2024-01-08,2,participacion_ewm,HUEVO,0.08705171841275111,0.023473312429215357
2024-01-01,2024-01-08,2,participacion_ewm,AMBIANTE,0.0,0.03307011239258355
2024-01-01,2024-01-08,2,participacion_ewm,DOMO,0.0,0.016600975301026
2024-01-01,2024-01-08,2,participacion_ewm,CAPACILLOS,0.0,0.01304842426193519
2024-01-01,2024-01-08,2,participacion_ewm,OTROS,0.0,0.03925719223454255
2024-01-01,2024-01-08,2,participacion_ewm,otros,0.3478333056616304,0.2798748633233511
2024-01-01,2024-01-15,3,participacion_historica,HARINA,0.0,0.1219863547723304
2024-01-01,2024-01-15,3,participacion_historica,CHOCOLATE,0.0,0.14001756349655242
2024-01-01,2024-01-15,3,participacion_historica,FONDANT,0.0,0.08605474570896356
2024-01-01,2024-01-15,3,participacion_historica,EMPAQUE,0.0,0.08003899735622504
2024-01-01,2024-01-15,3,participacion_historica,CHANTILLY,0.0,0.0808611123548461
2024-01-01,2024-01-15,3,participacion_historica,RELLENO,0.0,0.06920159691006349
2024-01-01,2024-01-15,3,participacion_historica,DECORACION,0.0,0.02831664123636726
2024-01-01,2024-01-15,3,participacion_historica,HUEVO,0.0,0.040046735383771064
2024-01-01,2024-01-15,3,participacion_historica,AMBIANTE,0.0,0.03813743307832972
2024-01-01,2024-01-15,3,participacion_historica,DOMO,0.0,0.019819037256383457
2024-01-01,2024-01-15,3,participacion_historica,CAPACILLOS,0.0,0.021299035909177276
2024-01-01,2024-01-15,3,participacion_historica,OTROS,0.0,0.031918605027066886
2024-01-01,2024-01-15,3,participacion_historica,otros,1.0,0.2423021415099234
2024-01-01,2024-01-15,3,participacion_ewm,HARINA,0.0,0.12258337047661458
2024-01-01,2024-01-15,3,participacion_ewm,CHOCOLATE,0.0,0.10994715100508813
2024-01-01,2024-01-15,3,participacion_ewm,FONDANT,0.0,0.06723179438346256
2024-01-01,2024-01-15,3,participacion_ewm,EMPAQUE,0.0,0.09568792245333048
2024-01-01,2024-01-15,3,participacion_ewm,CHANTILLY,0.0,0.07901474404741655
2024-01-01,2024-01-15,3,participacion_ewm,RELLENO,0.0,0.08335175498336278
2024-01-01,2024-01-15,3,participacion_ewm,DECORACION,0.0,0.03685838270807126
2024-01-01,2024-01-15,3,participacion_ewm,HUEVO,0.0,0.023473312429215357
2024-01-01,2024-01-15,3,participacion_ewm,AMBIANTE,0.0,0.03307011239258355
2024-01-01,2024-01-15,3,participacion_ewm,DOMO,0.0,0.016600975301026
2024-01-01,2024-01-15,3,participacion_ewm,CAPACILLOS,0.0,0.01304842426193519
2024-01-01,2024-01-15,3,participacion_ewm,OTROS,0.0,0.03925719223454255
2024-01-01,2024-01-15,3,participacion_ewm,otros,1.0,0.2798748633233511
2024-01-01,2024-01-22,4,participacion_historica,HARINA,0.0,0.1219863547723304
2024-01-01,2024-01-22,4,participacion_historica,CHOCOLATE,0.49122807017543857,0.14001756349655242
2024-01-01,2024-01-22,4,participacion_historica,FONDANT,0.0,0.08605474570896356
2024-01-01,2024-01-22,4,participacion_historica,EMPAQUE,0.0,0.08003899735622504
2024-01-01,2024-01-22,4,participacion_historica,CHANTILLY,0.0,0.0808611123548461
2024-01-01,2024-01-22,4,participacion_historica,RELLENO,0.0,0.06920159691006349
2024-01-01,2024-01-22,4,participacion_historica,DECORACION,0.14619883040935672,0.02831664123636726
2024-01-01,2024-01-22,4,participacion_historica,HUEVO,0.0,0.040046735383771064
2024-01-01,2024-01-22,4,participacion_historica,AMBIANTE,0.19298245614035087,0.03813743307832972
2024-01-01,2024-01-22,4,participacion_historica,DOMO,0.0,0.019819037256383457
2024-01-01,2024-01-22,4,participacion_historica,CAPACILLOS,0.0,0.021299035909177276
2024-01-01,2024-01-22,4,participacion_historica,OTROS,0.0,0.031918605027066886
2024-01-01,2024-01-22,4,participacion_historica,otros,0.1695906432748538,0.2423021415099234
2024-01-01,2024-01-22,4,participacion_ewm,HARINA,0.0,0.12258337047661458
2024-01-01,2024-01-22,4,participacion_ewm,CHOCOLATE,0.49122807017543857,0.10994715100508813
2024-01-01,2024-01-22,4,participacion_ewm,FONDANT,0.0,0.06723179438346256
2024-01-01,2024-01-22,4,participacion_ewm,EMPAQUE,0.0,0.09568792245333048
2024-01-01,2024-01-22,4,participacion_ewm,CHANTILLY,0.0,0.07901474404741655
2024-01-01,2024-01-22,4,participacion_ewm,RELLENO,0.0,0.08335175498336278
2024-01-01,2024-01-22,4,participacion_ewm,DECORACION,0.14619883040935672,0.03685838270807126
2024-01-01,2024-01-22,4,participacion_ewm,HUEVO,0.0,0.023473312429215357
2024-01-01,2024-01-22,4,participacion_ewm,AMBIANTE,0.19298245614035087,0.03307011239258355
2024-01-01,2024-01-22,4,participacion_ewm,DOMO,0.0,0.016600975301026
2024-01-01,2024-01-22,4,participacion_ewm,CAPACILLOS,0.0,0.01304842426193519
2024-01-01,2024-01-22,4,participacion_ewm,OTROS,0.0,0.03925719223454255
2024-01-01,2024-01-22,4,participacion_ewm,otros,0.1695906432748538,0.2798748633233511
2024-01-22,2024-01-22,1,participacion_historica,HARINA,0.0,0.11456700010200485
2024-01-22,2024-01-22,1,participacion_historica,CHOCOLATE,0.49122807017543857,0.12430421677481904
2024-01-22,2024-01-22,1,participacion_historica,FONDANT,0.0,0.08629776831976685
2024-01-22,2024-01-22,1,participacion_historica,EMPAQUE,0.0,0.07682021896867225
2024-01-22,2024-01-22,1,participacion_historica,CHANTILLY,0.0,0.08086111235484608
2024-01-22,2024-01-22,1,participacion_historica,RELLENO,0.0,0.0620628239375774
2024-01-22,2024-01-22,1,participacion_historica,DECORACION,0.14619883040935672,0.03090135237688601
2024-01-22,2024-01-22,1,participacion_historica,HUEVO,0.0,0.04172080689170858
2024-01-22,2024-01-22,1,participacion_historica,AMBIANTE,0.19298245614035087,0.03706469605963957
2024-01-22,2024-01-22,1,participacion_historica,DOMO,0.0,0.019819037256383454
2024-01-22,2024-01-22,1,participacion_historica,CAPACILLOS,0.0,0.01914421710783545
2024-01-22,2024-01-22,1,participacion_historica,OTROS,0.0,0.030272336909181515
2024-01-22,2024-01-22,1,participacion_historica,otros,0.1695906432748538,0.27616441294067895
2024-01-22,2024-01-22,1,participacion_ewm,HARINA,0.0,0.10758216985593182
2024-01-22,2024-01-22,1,participacion_ewm,CHOCOLATE,0.49122807017543857,0.08338374062168186
2024-01-22,2024-01-22,1,participacion_ewm,FONDANT,0.0,0.05676520091932931
2024-01-22,2024-01-22,1,participacion_ewm,EMPAQUE,0.0,0.07566124893834648
2024-01-22,2024-01-22,1,participacion_ewm,CHANTILLY,0.0,0.05760174841056668
2024-01-22,2024-01-22,1,participacion_ewm,RELLENO,0.0,0.06062756900193405
2024-01-22,2024-01-22,1,participacion_ewm,DECORACION,0.14619883040935672,0.04214467619709905
2024-01-22,2024-01-22,1,participacion_ewm,HUEVO,0.0,0.024979542744045437
2024-01-22,2024-01-22,1,participacion_ewm,AMBIANTE,0.19298245614035087,0.024084727660549532
2024-01-22,2024-01-22,1,participacion_ewm,DOMO,0.0,0.012102110994447956
2024-01-22,2024-01-22,1,participacion_ewm,CAPACILLOS,0.0,0.009470616840963505
2024-01-22,2024-01-22,1,participacion_ewm,OTROS,0.0,0.028588017409553745
2024-01-22,2024-01-22,1,participacion_ewm,otros,0.1695906432748538,0.41700863040555075
2024-01-22,2024-01-29,2,participacion_historica,HARINA,0.12528017334049654,0.11456700010200485
2024-01-22,2024-01-29,2,participacion_historica,CHOCOLATE,0.1177938922582453,0.12430421677481904
2024-01-22,2024-01-29,2,participacion_historica,FONDANT,0.10622492649388302,0.08629776831976685
2024-01-22,2024-01-29,2,participacion_historica,EMPAQUE,0.09269517980765095,0.07682021896867225
2024-01-22,2024-01-29,2,participacion_historica,CHANTILLY,0.08455242200740275,0.08086111235484608
2024-01-22,2024-01-29,2,participacion_historica,RELLENO,0.07854898999209707,0.0620628239375774
2024-01-22,2024-01-29,2,participacion_historica,DECORACION,0.06558774497714379,0.03090135237688601
2024-01-22,2024-01-29,2,participacion_historica,HUEVO,0.033690612518849146,0.04172080689170858
2024-01-22,2024-01-29,2,participacion_historica,AMBIANTE,0.034664886737069765,0.03706469605963957
2024-01-22,2024-01-29,2,participacion_historica,DOMO,0.024712091774777945,0.019819037256383454
2024-01-22,2024-01-29,2,participacion_historica,CAPACILLOS,0.02501679186636096,0.01914421710783545
2024-01-22,2024-01-29,2,participacion_historica,OTROS,0.024268139046044062,0.030272336909181515
2024-01-22,2024-01-29,2,participacion_historica,otros,0.1869641491799786,0.27616441294067895
2024-01-22,2024-01-29,2,participacion_ewm,HARINA,0.12528017334049654,0.10758216985593182
2024-01-22,2024-01-29,2,participacion_ewm,CHOCOLATE,0.1177938922582453,0.08338374062168186
2024-01-22,2024-01-29,2,participacion_ewm,FONDANT,0.10622492649388302,0.05676520091932931
2024-01-22,2024-01-29,2,participacion_ewm,EMPAQUE,0.09269517980765095,0.07566124893834648
2024-01-22,2024-01-29,2,participacion_ewm,CHANTILLY,0.08455242200740275,0.05760174841056668
2024-01-22,2024-01-29,2,participacion_ewm,RELLENO,0.07854898999209707,0.06062756900193405
2024-01-22,2024-01-29,2,participacion_ewm,DECORACION,0.06558774497714379,0.04214467619709905
2024-01-22,2024-01-29,2,participacion_ewm,HUEVO,0.033690612518849146,0.024979542744045437
2024-01-22,2024-01-29,2,participacion_ewm,AMBIANTE,0.034664886737069765,0.024084727660549532
2024-01-22,2024-01-29,2,participacion_ewm,DOMO,0.024712091774777945,0.012102110994447956
2024-01-22,2024-01-29,2,participacion_ewm,CAPACILLOS,0.02501679186636096,0.009470616840963505
2024-01-22,2024-01-29,2,participacion_ewm,OTROS,0.024268139046044062,0.028588017409553745
2024-01-22,2024-01-29,2,participacion_ewm,otros,0.1869641491799786,0.41700863040555075
2024-01-22,2024-02-05,3,participacion_historica,HARINA,0.1408635261744087,0.11456700010200485
2024-01-22,2024-02-05,3,participacion_historica,CHOCOLATE,0.013103583830177554,0.12430421677481904
2024-01-22,2024-02-05,3,participacion_historica,FONDANT,0.20392452335713818,0.08629776831976685
2024-01-22,2024-02-05,3,participacion_historica,EMPAQUE,0.2726528205464195,0.07682021896867225
2024-01-22,2024-02-05,3,participacion_historica,CHANTILLY,0.0,0.08086111235484608
2024-01-22,2024-02-05,3,participacion_historica,RELLENO,0.0789818515363952,0.0620628239375774
2024-01-22,2024-02-05,3,participacion_historica,DECORACION,0.06387997117211558,0.03090135237688601
2024-01-22,2024-02-05,3,participacion_historica,HUEVO,0.0,0.04172080689170858
2024-01-22,2024-02-05,3,participacion_historica,AMBIANTE,0.0,0.03706469605963957
2024-01-22,2024-02-05,3,participacion_historica,DOMO,0.0,0.019819037256383454
2024-01-22,2024-02-05,3,participacion_historica,CAPACILLOS,0.0320628316844657,0.01914421710783545
2024-01-22,2024-02-05,3,participacion_historica,OTROS,0.0,0.030272336909181515
2024-01-22,2024-02-05,3,participacion_historica,otros,0.19453089169887966,0.27616441294067895
2024-01-22,2024-02-05,3,participacion_ewm,HARINA,0.1408635261744087,0.10758216985593182
2024-01-22,2024-02-05,3,participacion_ewm,CHOCOLATE,0.013103583830177554,0.08338374062168186
2024-01-22,2024-02-05,3,participacion_ewm,FONDANT,0.20392452335713818,0.05676520091932931
2024-01-22,2024-02-05,3,participacion_ewm,EMPAQUE,0.2726528205464195,0.07566124893834648
2024-01-22,2024-02-05,3,participacion_ewm,CHANTILLY,0.0,0.05760174841056668
2024-01-22,2024-02-05,3,participacion_ewm,RELLENO,0.0789818515363952,0.06062756900193405
2024-01-22,2024-02-05,3,participacion_ewm,DECORACION,0.06387997117211558,0.04214467619709905
2024-01-22,2024-02-05,3,participacion_ewm,HUEVO,0.0,0.024979542744045437
2024-01-22,2024-02-05,3,participacion_ewm,AMBIANTE,0.0,0.024084727660549532
2024-01-22,2024-02-05,3,participacion_ewm,DOMO,0.0,0.012102110994447956
2024-01-22,2024-02-05,3,participacion_ewm,CAPACILLOS,0.0320628316844657,0.009470616840963505
2024-01-22,2024-02-05,3,participacion_ewm,OTROS,0.0,0.028588017409553745
2024-01-22,2024-02-05,3,participacion_ewm,otros,0.19453089169887966,0.41700863040555075
2024-01-22,2024-02-12,4,participacion_historica,HARINA,0.1275418930921122,0.11456700010200485
2024-01-22,2024-02-12,4,participacion_historica,CHOCOLATE,0.07197908818069697,0.12430421677481904
2024-01-22,2024-02-12,4,participacion_historica,FONDANT,0.069874436479507,0.08629776831976685
2024-01-22,2024-02-12,4,participacion_historica,EMPAQUE,0.02226721499858988,0.07682021896867225
2024-01-22,2024-02-12,4,participacion_historica,CHANTILLY,0.1759488822194815,0.08086111235484608
2024-01-22,2024-02-12,4,participacion_historica,RELLENO,0.026097681094755628,0.0620628239375774
2024-01-22,2024-02-12,4,participacion_historica,DECORACION,0.052195362189511256,0.03090135237688601
2024-01-22,2024-02-12,4,participacion_historica,HUEVO,0.07955583430498087,0.04172080689170858
2024-01-22,2024-02-12,4,participacion_historica,AMBIANTE,0.05556280491141521,0.03706469605963957
2024-01-22,2024-02-12,4,participacion_historica,DOMO,0.0,0.019819037256383454
2024-01-22,2024-02-12,4,participacion_historica,CAPACILLOS,0.0,0.01914421710783545
2024-01-22,2024-02-12,4,participacion_historica,OTROS,0.013469770887615808,0.030272336909181515
2024-01-22,2024-02-12,4,participacion_historica,otros,0.30550703164133364,0.27616441294067895
2024-01-22,2024-02-12,4,participacion_ewm,HARINA,0.1275418930921122,0.10758216985593182
2024-01-22,2024-02-12,4,participacion_ewm,CHOCOLATE,0.07197908818069697,0.08338374062168186
2024-01-22,2024-02-12,4,participacion_ewm,FONDANT,0.069874436479507,0.05676520091932931
2024-01-22,2024-02-12,4,participacion_ewm,EMPAQUE,0.02226721499858988,0.07566124893834648
2024-01-22,2024-02-12,4,participacion_ewm,CHANTILLY,0.1759488822194815,0.05760174841056668
2024-01-22,2024-02-12,4,participacion_ewm,RELLENO,0.026097681094755628,0.06062756900193405
2024-01-22,2024-02-12,4,participacion_ewm,DECORACION,0.052195362189511256,0.04214467619709905
2024-01-22,2024-02-12,4,participacion_ewm,HUEVO,0.07955583430498087,0.024979542744045437
2024-01-22,2024-02-12,4,participacion_ewm,AMBIANTE,0.05556280491141521,0.024084727660549532
2024-01-22,2024-02-12,4,participacion_ewm,DOMO,0.0,0.012102110994447956
2024-01-22,2024-02-12,4,participacion_ewm,CAPACILLOS,0.0,0.009470616840963505
2024-01-22,2024-02-12,4,participacion_ewm,OTROS,0.013469770887615808,0.028588017409553745
2024-01-22,2024-02-12,4,participacion_ewm,otros,0.30550703164133364,0.41700863040555075
2024-02-12,2024-02-12,1,participacion_historica,HARINA,0.1275418930921122,0.11449645836272346
2024-02-12,2024-02-12,1,participacion_historica,CHOCOLATE,0.07197908818069697,0.1288406589031755
2024-02-12,2024-02-12,1,participacion_historica,FONDANT,0.069874436479507,0.09064043583493252
2024-02-12,2024-02-12,1,participacion_historica,EMPAQUE,0.02226721499858988,0.07807457288178604
2024-02-12,2024-02-12,1,participacion_historica,CHANTILLY,0.1759488822194815,0.07590543223252741
2024-02-12,2024-02-12,1,participacion_historica,RELLENO,0.026097681094755628,0.06282551853555879
2024-02-12,2024-02-12,1,participacion_historica,DECORACION,0.052195362189511256,0.03620263211839785
2024-02-12,2024-02-12,1,participacion_historica,HUEVO,0.07955583430498087,0.041235330955210876
2024-02-12,2024-02-12,1,participacion_historica,AMBIANTE,0.05556280491141521,0.038947084753570796
2024-02-12,2024-02-12,1,participacion_historica,DOMO,0.0,0.020294269790513797
2024-02-12,2024-02-12,1,participacion_historica,CAPACILLOS,0.0,0.01599660451859203
2024-02-12,2024-02-12,1,participacion_historica,OTROS,0.013469770887615808,0.028389455576597517
2024-02-12,2024-02-12,1,participacion_historica,otros,0.30550703164133364,0.26815154553641335
2024-02-12,2024-02-12,1,participacion_ewm,HARINA,0.1275418930921122,0.1037997075368177
2024-02-12,2024-02-12,1,participacion_ewm,CHOCOLATE,0.07197908818069697,0.11255326816355551
2024-02-12,2024-02-12,1,participacion_ewm,FONDANT,0.069874436479507,0.07142473869112334
2024-02-12,2024-02-12,1,participacion_ewm,EMPAQUE,0.02226721499858988,0.09079087989956218
2024-02-12,2024-02-12,1,participacion_ewm,CHANTILLY,0.1759488822194815,0.049507403581377375
2024-02-12,2024-02-12,1,participacion_ewm,RELLENO,0.026097681094755628,0.05918781328475951
2024-02-12,2024-02-12,1,participacion_ewm,DECORACION,0.052195362189511256,0.05495763530705754
2024-02-12,2024-02-12,1,participacion_ewm,HUEVO,0.07955583430498087,0.021234940860774387
2024-02-12,2024-02-12,1,participacion_ewm,AMBIANTE,0.05556280491141521,0.03633883454123238
2024-02-12,2024-02-12,1,participacion_ewm,DOMO,0.0,0.011055850681456428
2024-02-12,2024-02-12,1,participacion_ewm,CAPACILLOS,0.0,0.012295578990577904
2024-02-12,2024-02-12,1,participacion_ewm,OTROS,0.013469770887615808,0.0229827355038657
2024-02-12,2024-02-12,1,participacion_ewm,otros,0.30550703164133364,0.3538706129578401
2024-02-12,2024-02-19,2,participacion_historica,HARINA,0.12528017334049654,0.11449645836272346
2024-02-12,2024-02-19,2,participacion_historica,CHOCOLATE,0.1177938922582453,0.1288406589031755
2024-02-12,2024-02-19,2,participacion_historica,FONDANT,0.10622492649388302,0.09064043583493252
2024-02-12,2024-02-19,2,participacion_historica,EMPAQUE,0.09269517980765095,0.07807457288178604
2024-02-12,2024-02-19,2,participacion_historica,CHANTILLY,0.08455242200740275,0.07590543223252741
2024-02-12,2024-02-19,2,participacion_historica,RELLENO,0.07854898999209707,0.06282551853555879
2024-02-12,2024-02-19,2,participacion_historica,DECORACION,0.06558774497714379,0.03620263211839785
2024-02-12,2024-02-19,2,participacion_historica,HUEVO,0.033690612518849146,0.041235330955210876
2024-02-12,2024-02-19,2,participacion_historica,AMBIANTE,0.034664886737069765,0.038947084753570796
2024-02-12,2024-02-19,2,participacion_historica,DOMO,0.024712091774777945,0.020294269790513797
2024-02-12,2024-02-19,2,participacion_historica,CAPACILLOS,0.02501679186636096,0.01599660451859203
2024-02-12,2024-02-19,2,participacion_historica,OTROS,0.024268139046044062,0.028389455576597517
2024-02-12,2024-02-19,2,participacion_historica,otros,0.1869641491799786,0.26815154553641335
2024-02-12,2024-02-19,2,participacion_ewm,HARINA,0.12528017334049654,0.1037997075368177
2024-02-12,2024-02-19,2,participacion_ewm,CHOCOLATE,0.1177938922582453,0.11255326816355551
2024-02-12,2024-02-19,2,participacion_ewm,FONDANT,0.10622492649388302,0.07142473869112334
2024-02-12,2024-02-19,2,participacion_ewm,EMPAQUE,0.09269517980765095,0.09079087989956218
2024-02-12,2024-02-19,2,participacion_ewm,CHANTILLY,0.08455242200740275,0.049507403581377375
2024-02-12,2024-02-19,2,participacion_ewm,RELLENO,0.07854898999209707,0.05918781328475951
2024-02-12,2024-02-19,2,participacion_ewm,DECORACION,0.06558774497714379,0.05495763530705754
2024-02-12,2024-02-19,2,participacion_ewm,HUEVO,0.033690612518849146,0.021234940860774387
2024-02-12,2024-02-19,2,participacion_ewm,AMBIANTE,0.034664886737069765,0.03633883454123238
2024-02-12,2024-02-19,2,participacion_ewm,DOMO,0.024712091774777945,0.011055850681456428
2024-02-12,2024-02-19,2,participacion_ewm,CAPACILLOS,0.02501679186636096,0.012295578990577904
2024-02-12,2024-02-19,2,participacion_ewm,OTROS,0.024268139046044062,0.0229827355038657
2024-02-12,2024-02-19,2,participacion_ewm,otros,0.1869641491799786,0.3538706129578401
2024-02-12,2024-02-26,3,participacion_historica,HARINA,0.32727272727272727,0.11449645836272346
2024-02-12,2024-02-26,3,participacion_historica,CHOCOLATE,0.25757575757575757,0.1288406589031755
2024-02-12,2024-02-26,3,participacion_historica,FONDANT,0.0,0.09064043583493252
2024-02-12,2024-02-26,3,participacion_historica,EMPAQUE,0.11515151515151516,0.07807457288178604
2024-02-12,2024-02-26,3,participacion_historica,CHANTILLY,0.0,0.07590543223252741
2024-02-12,2024-02-26,3,participacion_historica,RELLENO,0.0,0.06282551853555879
2024-02-12,2024-02-26,3,participacion_historica,DECORACION,0.0,0.03620263211839785
2024-02-12,2024-02-26,3,participacion_historica,HUEVO,0.0,0.041235330955210876
2024-02-12,2024-02-26,3,participacion_historica,AMBIANTE,0.0,0.038947084753570796
2024-02-12,2024-02-26,3,participacion_historica,DOMO,0.0,0.020294269790513797
2024-02-12,2024-02-26,3,participacion_historica,CAPACILLOS,0.0,0.01599660451859203
2024-02-12,2024-02-26,3,participacion_historica,OTROS,0.0,0.028389455576597517
2024-02-12,2024-02-26,3,participacion_historica,otros,0.3,0.26815154553641335
2024-02-12,2024-02-26,3,participacion_ewm,HARINA,0.32727272727272727,0.1037997075368177
2024-02-12,2024-02-26,3,participacion_ewm,CHOCOLATE,0.25757575757575757,0.11255326816355551
2024-02-12,2024-02-26,3,participacion_ewm,FONDANT,0.0,0.07142473869112334
2024-02-12,2024-02-26,3,participacion_ewm,EMPAQUE,0.11515151515151516,0.09079087989956218
2024-02-12,2024-02-26,3,participacion_ewm,CHANTILLY,0.0,0.049507403581377375
2024-02-12,2024-02-26,3,participacion_ewm,RELLENO,0.0,0.05918781328475951
2024-02-12,2024-02-26,3,participacion_ewm,DECORACION,0.0,0.05495763530705754
2024-02-12,2024-02-26,3,participacion_ewm,HUEVO,0.0,0.021234940860774387
2024-02-12,2024-02-26,3,participacion_ewm,AMBIANTE,0.0,0.03633883454123238
2024-02-12,2024-02-26,3,participacion_ewm,DOMO,0.0,0.011055850681456428
2024-02-12,2024-02-26,3,participacion_ewm,CAPACILLOS,0.0,0.012295578990577904
2024-02-12,2024-02-26,3,participacion_ewm,OTROS,0.0,0.0229827355038657
2024-02-12,2024-02-26,3,participacion_ewm,otros,0.3,0.3538706129578401
2024-02-12,2024-03-04,4,participacion_historica,HARINA,0.14035087719298245,0.11449645836272346
2024-02-12,2024-03-04,4,participacion_historica,CHOCOLATE,0.3742690058479532,0.1288406589031755
2024-02-12,2024-03-04,4,participacion_historica,FONDANT,0.0,0.09064043583493252
2024-02-12,2024-03-04,4,participacion_historica,EMPAQUE,0.0,0.07807457288178604
2024-02-12,2024-03-04,4,participacion_historica,CHANTILLY,0.0,0.07590543223252741
2024-02-12,2024-03-04,4,participacion_historica,RELLENO,0.0,0.06282551853555879
2024-02-12,2024-03-04,4,participacion_historica,DECORACION,0.0,0.03620263211839785
2024-02-12,2024-03-04,4,participacion_historica,HUEVO,0.0,0.041235330955210876
2024-02-12,2024-03-04,4,participacion_historica,AMBIANTE,0.0,0.038947084753570796
2024-02-12,2024-03-04,4,participacion_historica,DOMO,0.0,0.020294269790513797
2024-02-12,2024-03-04,4,participacion_historica,CAPACILLOS,0.0,0.01599660451859203
2024-02-12,2024-03-04,4,participacion_historica,OTROS,0.0,0.028389455576597517
2024-02-12,2024-03-04,4,participacion_historica,otros,0.4853801169590643,0.26815154553641335
2024-02-12,2024-03-04,4,participacion_ewm,HARINA,0.14035087719298245,0.1037997075368177
2024-02-12,2024-03-04,4,participacion_ewm,CHOCOLATE,0.3742690058479532,0.11255326816355551
2024-02-12,2024-03-04,4,participacion_ewm,FONDANT,0.0,0.07142473869112334
2024-02-12,2024-03-04,4,participacion_ewm,EMPAQUE,0.0,0.09079087989956218
2024-02-12,2024-03-04,4,participacion_ewm,CHANTILLY,0.0,0.049507403581377375
2024-02-12,2024-03-04,4,participacion_ewm,RELLENO,0.0,0.05918781328475951
2024-02-12,2024-03-04,4,participacion_ewm,DECORACION,0.0,0.05495763530705754
2024-02-12,2024-03-04,4,participacion_ewm,HUEVO,0.0,0.021234940860774387
2024-02-12,2024-03-04,4,participacion_ewm,AMBIANTE,0.0,0.03633883454123238
2024-02-12,2024-03-04,4,participacion_ewm,DOMO,0.0,0.011055850681456428
2024-02-12,2024-03-04,4,participacion_ewm,CAPACILLOS,0.0,0.012295578990577904
2024-02-12,2024-03-04,4,participacion_ewm,OTROS,0.0,0.0229827355038657
2024-02-12,2024-03-04,4,participacion_ewm,otros,0.4853801169590643,0.3538706129578401
2024-03-04,2024-03-04,1,participacion_historica,HARINA,0.14035087719298245,0.11491270859285865
2024-03-04,2024-03-04,1,participacion_historica,CHOCOLATE,0.3742690058479532,0.13288534183198394
2024-03-04,2024-03-04,1,participacion_historica,FONDANT,0.0,0.08826883128782852
2024-03-04,2024-03-04,1,participacion_historica,EMPAQUE,0.0,0.08150568106694359
2024-03-04,2024-03-04,1,participacion_historica,CHANTILLY,0.0,0.07817358065968336
2024-03-04,2024-03-04,1,participacion_historica,RELLENO,0.0,0.06120305952607582
2024-03-04,2024-03-04,1,participacion_historica,DECORACION,0.0,0.03683044023435113
2024-03-04,2024-03-04,1,participacion_historica,HUEVO,0.0,0.04257461671677824
2024-03-04,2024-03-04,1,participacion_historica,AMBIANTE,0.0,0.04068223266988783
2024-03-04,2024-03-04,1,participacion_historica,DOMO,0.0,0.020769502324644147
2024-03-04,2024-03-04,1,participacion_historica,CAPACILLOS,0.0,0.016477696669868206
2024-03-04,2024-03-04,1,participacion_historica,OTROS,0.0,0.026132056630655306
2024-03-04,2024-03-04,1,participacion_historica,otros,0.4853801169590643,0.2595842517884414
2024-03-04,2024-03-04,1,participacion_ewm,HARINA,0.14035087719298245,0.13003201199057118
2024-03-04,2024-03-04,1,participacion_ewm,CHOCOLATE,0.3742690058479532,0.12433566211192808
2024-03-04,2024-03-04,1,participacion_ewm,FONDANT,0.0,0.06722699090001268
2024-03-04,2024-03-04,1,participacion_ewm,EMPAQUE,0.0,0.08792116542460185
2024-03-04,2024-03-04,1,participacion_ewm,CHANTILLY,0.0,0.057992207787843364
2024-03-04,2024-03-04,1,participacion_ewm,RELLENO,0.0,0.052305553015580944
2024-03-04,2024-03-04,1,participacion_ewm,DECORACION,0.0,0.05020161613573145
2024-03-04,2024-03-04,1,participacion_ewm,HUEVO,0.0,0.02497866744529547
2024-03-04,2024-03-04,1,participacion_ewm,AMBIANTE,0.0,0.03414338265599267
2024-03-04,2024-03-04,1,participacion_ewm,DOMO,0.0,0.010293126913285607
2024-03-04,2024-03-04,1,participacion_ewm,CAPACILLOS,0.0,0.011224426817716156
2024-03-04,2024-03-04,1,participacion_ewm,OTROS,0.0,0.01997829958386924
2024-03-04,2024-03-04,1,participacion_ewm,otros,0.4853801169590643,0.32936688921757135
2024-03-04,2024-03-11,2,participacion_historica,HARINA,0.22131147540983606,0.11491270859285865
2024-03-04,2024-03-11,2,participacion_historica,CHOCOLATE,0.13114754098360656,0.13288534183198394
2024-03-04,2024-03-11,2,participacion_historica,FONDANT,0.0,0.08826883128782852
2024-03-04,2024-03-11,2,participacion_historica,EMPAQUE,0.0,0.08150568106694359
2024-03-04,2024-03-11,2,participacion_historica,CHANTILLY,0.0,0.07817358065968336
2024-03-04,2024-03-11,2,participacion_historica,RELLENO,0.2336065573770492,0.06120305952607582
2024-03-04,2024-03-11,2,participacion_historica,DECORACION,0.08196721311475409,0.03683044023435113
2024-03-04,2024-03-11,2,participacion_historica,HUEVO,0.0,0.04257461671677824
2024-03-04,2024-03-11,2,participacion_historica,AMBIANTE,0.27049180327868855,0.04068223266988783
2024-03-04,2024-03-11,2,participacion_historica,DOMO,0.0,0.020769502324644147
2024-03-04,2024-03-11,2,participacion_historica,CAPACILLOS,0.0,0.016477696669868206
2024-03-04,2024-03-11,2,participacion_historica,OTROS,0.0,0.026132056630655306
2024-03-04,2024-03-11,2,participacion_historica,otros,0.06147540983606557,0.2595842517884414
2024-03-04,2024-03-11,2,participacion_ewm,HARINA,0.22131147540983606,0.13003201199057118
2024-03-04,2024-03-11,2,participacion_ewm,CHOCOLATE,0.13114754098360656,0.12433566211192808
2024-03-04,2024-03-11,2,participacion_ewm,FONDANT,0.0,0.06722699090001268
2024-03-04,2024-03-11,2,participacion_ewm,EMPAQUE,0.0,0.08792116542460185
2024-03-04,2024-03-11,2,participacion_ewm,CHANTILLY,0.0,0.057992207787843364
2024-03-04,2024-03-11,2,participacion_ewm,RELLENO,0.2336065573770492,0.052305553015580944
2024-03-04,2024-03-11,2,participacion_ewm,DECORACION,0.08196721311475409,0.05020161613573145
2024-03-04,2024-03-11,2,participacion_ewm,HUEVO,0.0,0.02497866744529547
2024-03-04,2024-03-11,2,participacion_ewm,AMBIANTE,0.27049180327868855,0.03414338265599267
2024-03-04,2024-03-11,2,participacion_ewm,DOMO,0.0,0.010293126913285607
2024-03-04,2024-03-11,2,participacion_ewm,CAPACILLOS,0.0,0.011224426817716156
2024-03-04,2024-03-11,2,participacion_ewm,OTROS,0.0,0.01997829958386924
2024-03-04,2024-03-11,2,participacion_ewm,otros,0.06147540983606557,0.32936688921757135
2024-03-04,2024-03-18,3,participacion_historica,HARINA,0.12528017334049654,0.11491270859285865
2024-03-04,2024-03-18,3,participacion_historica,CHOCOLATE,0.1177938922582453,0.13288534183198394
2024-03-04,2024-03-18,3,participacion_historica,FONDANT,0.10622492649388302,0.08826883128782852
2024-03-04,2024-03-18,3,participacion_historica,EMPAQUE,0.09269517980765095,0.08150568106694359
2024-03-04,2024-03-18,3,participacion_historica,CHANTILLY,0.08455242200740275,0.07817358065968336
2024-03-04,2024-03-18,3,participacion_historica,RELLENO,0.07854898999209707,0.06120305952607582
2024-03-04,2024-03-18,3,participacion_historica,DECORACION,0.06558774497714379,0.03683044023435113
2024-03-04,2024-03-18,3,participacion_historica,HUEVO,0.033690612518849146,0.04257461671677824
2024-03-04,2024-03-18,3,participacion_historica,AMBIANTE,0.034664886737069765,0.04068223266988783
2024-03-04,2024-03-18,3,participacion_historica,DOMO,0.024712091774777945,0.020769502324644147
2024-03-04,2024-03-18,3,participacion_historica,CAPACILLOS,0.02501679186636096,0.016477696669868206
2024-03-04,2024-03-18,3,participacion_historica,OTROS,0.024268139046044062,0.026132056630655306
2024-03-04,2024-03-18,3,participacion_historica,otros,0.1869641491799786,0.2595842517884414
2024-03-04,2024-03-18,3,participacion_ewm,HARINA,0.12528017334049654,0.13003201199057118
2024-03-04,2024-03-18,3,participacion_ewm,CHOCOLATE,0.1177938922582453,0.12433566211192808
2024-03-04,2024-03-18,3,participacion_ewm,FONDANT,0.10622492649388302,0.06722699090001268
2024-03-04,2024-03-18,3,participacion_ewm,EMPAQUE,0.09269517980765095,0.08792116542460185
2024-03-04,2024-03-18,3,participacion_ewm,CHANTILLY,0.08455242200740275,0.057992207787843364
2024-03-04,2024-03-18,3,participacion_ewm,RELLENO,0.07854898999209707,0.052305553015580944
2024-03-04,2024-03-18,3,participacion_ewm,DECORACION,0.06558774497714379,0.05020161613573145
2024-03-04,2024-03-18,3,participacion_ewm,HUEVO,0.033690612518849146,0.02497866744529547
2024-03-04,2024-03-18,3,participacion_ewm,AMBIANTE,0.034664886737069765,0.03414338265599267
2024-03-04,2024-03-18,3,participacion_ewm,DOMO,0.024712091774777945,0.010293126913285607
2024-03-04,2024-03-18,3,participacion_ewm,CAPACILLOS,0.02501679186636096,0.011224426817716156
2024-03-04,2024-03-18,3,participacion_ewm,OTROS,0.024268139046044062,0.01997829958386924
2024-03-04,2024-03-18,3,participacion_ewm,otros,0.1869641491799786,0.32936688921757135
2024-03-04,2024-03-25,4,participacion_historica,HARINA,0.3803230543318649,0.11491270859285865
2024-03-04,2024-03-25,4,participacion_historica,CHOCOLATE,0.35389133627019087,0.13288534183198394
2024-03-04,2024-03-25,4,participacion_historica,FONDANT,0.0,0.08826883128782852
2024-03-04,2024-03-25,4,participacion_historica,EMPAQUE,0.04698972099853157,0.08150568106694359
2024-03-04,2024-03-25,4,participacion_historica,CHANTILLY,0.0,0.07817358065968336
2024-03-04,2024-03-25,4,participacion_historica,RELLENO,0.12848751835535976,0.06120305952607582
2024-03-04,2024-03-25,4,participacion_historica,DECORACION,0.0,0.03683044023435113
2024-03-04,2024-03-25,4,participacion_historica,HUEVO,0.0,0.04257461671677824
2024-03-04,2024-03-25,4,participacion_historica,AMBIANTE,0.09030837004405286,0.04068223266988783
2024-03-04,2024-03-25,4,participacion_historica,DOMO,0.0,0.020769502324644147
2024-03-04,2024-03-25,4,participacion_historica,CAPACILLOS,0.0,0.016477696669868206
2024-03-04,2024-03-25,4,participacion_historica,OTROS,0.0,0.026132056630655306
2024-03-04,2024-03-25,4,participacion_historica,otros,0.0,0.2595842517884414
2024-03-04,2024-03-25,4,participacion_ewm,HARINA,0.3803230543318649,0.13003201199057118
2024-03-04,2024-03-25,4,participacion_ewm,CHOCOLATE,0.35389133627019087,0.12433566211192808
2024-03-04,2024-03-25,4,participacion_ewm,FONDANT,0.0,0.06722699090001268
2024-03-04,2024-03-25,4,participacion_ewm,EMPAQUE,0.04698972099853157,0.08792116542460185
2024-03-04,2024-03-25,4,participacion_ewm,CHANTILLY,0.0,0.057992207787843364
2024-03-04,2024-03-25,4,participacion_ewm,RELLENO,0.12848751835535976,0.052305553015580944
2024-03-04,2024-03-25,4,participacion_ewm,DECORACION,0.0,0.05020161613573145
2024-03-04,2024-03-25,4,participacion_ewm,HUEVO,0.0,0.02497866744529547
2024-03-04,2024-03-25,4,participacion_ewm,AMBIANTE,0.09030837004405286,0.03414338265599267
2024-03-04,2024-03-25,4,participacion_ewm,DOMO,0.0,0.010293126913285607
2024-03-04,2024-03-25,4,participacion_ewm,CAPACILLOS,0.0,0.011224426817716156
2024-03-04,2024-03-25,4,participacion_ewm,OTROS,0.0,0.01997829958386924
2024-03-04,2024-03-25,4,participacion_ewm,otros,0.0,0.32936688921757135
2024-03-25,2024-03-25,1,participacion_historica,HARINA,0.3803230543318649,0.12112475473322429
2024-03-25,2024-03-25,1,participacion_historica,CHOCOLATE,0.35389133627019087,0.12975022834443403
2024-03-25,2024-03-25,1,participacion_historica,FONDANT,0.0,0.0903116183357878
2024-03-25,2024-03-25,1,participacion_historica,EMPAQUE,0.04698972099853157,0.07311932282203001
2024-03-25,2024-03-25,1,participacion_historica,CHANTILLY,0.0,0.07911039083439819
2024-03-25,2024-03-25,1,participacion_historica,RELLENO,0.12848751835535976,0.06313200484807026
2024-03-25,2024-03-25,1,participacion_historica,DECORACION,0.0,0.038449708602804174
2024-03-25,2024-03-25,1,participacion_historica,HUEVO,0.0,0.041447658938876766
2024-03-25,2024-03-25,1,participacion_historica,AMBIANTE,0.09030837004405286,0.0429668953437275
2024-03-25,2024-03-25,1,participacion_historica,DOMO,0.0,0.021244734858774487
2024-03-25,2024-03-25,1,participacion_historica,CAPACILLOS,0.0,0.013073272758800249
2024-03-25,2024-03-25,1,participacion_historica,OTROS,0.0,0.023451773992700438
2024-03-25,2024-03-25,1,participacion_historica,otros,0.0,0.2628176355863717
2024-03-25,2024-03-25,1,participacion_ewm,HARINA,0.3803230543318649,0.13872963758447063
2024-03-25,2024-03-25,1,participacion_ewm,CHOCOLATE,0.35389133627019087,0.14448432896596766
2024-03-25,2024-03-25,1,participacion_ewm,FONDANT,0.0,0.059675499119794674
2024-03-25,2024-03-25,1,participacion_ewm,EMPAQUE,0.04698972099853157,0.07318959898209332
2024-03-25,2024-03-25,1,participacion_ewm,CHANTILLY,0.0,0.05075348528506884
2024-03-25,2024-03-25,1,participacion_ewm,RELLENO,0.12848751835535976,0.06705511071353004
2024-03-25,2024-03-25,1,participacion_ewm,DECORACION,0.0,0.05056970968481893
2024-03-25,2024-03-25,1,participacion_ewm,HUEVO,0.0,0.02155781255529987
2024-03-25,2024-03-25,1,participacion_ewm,AMBIANTE,0.09030837004405286,0.05274136593717185
2024-03-25,2024-03-25,1,participacion_ewm,DOMO,0.0,0.009985258149233952
2024-03-25,2024-03-25,1,participacion_ewm,CAPACILLOS,0.0,0.010619194619517195
2024-03-25,2024-03-25,1,participacion_ewm,OTROS,0.0,0.016941988568336903
2024-03-25,2024-03-25,1,participacion_ewm,otros,0.0,0.3036970098346962
2024-03-25,2024-04-01,2,participacion_historica,HARINA,0.0,0.12112475473322429
2024-03-25,2024-04-01,2,participacion_historica,CHOCOLATE,0.625,0.12975022834443403
2024-03-25,2024-04-01,2,participacion_historica,FONDANT,0.0,0.0903116183357878
2024-03-25,2024-04-01,2,participacion_historica,EMPAQUE,0.0,0.07311932282203001
2024-03-25,2024-04-01,2,participacion_historica,CHANTILLY,0.0,0.07911039083439819
2024-03-25,2024-04-01,2,participacion_historica,RELLENO,0.0,0.06313200484807026
2024-03-25,2024-04-01,2,participacion_historica,DECORACION,0.0,0.038449708602804174
2024-03-25,2024-04-01,2,participacion_historica,HUEVO,0.0,0.041447658938876766
2024-03-25,2024-04-01,2,participacion_historica,AMBIANTE,0.375,0.0429668953437275
2024-03-25,2024-04-01,2,participacion_historica,DOMO,0.0,0.021244734858774487
2024-03-25,2024-04-01,2,participacion_historica,CAPACILLOS,0.0,0.013073272758800249
2024-03-25,2024-04-01,2,participacion_historica,OTROS,0.0,0.023451773992700438
2024-03-25,2024-04-01,2,participacion_historica,otros,0.0,0.2628176355863717
2024-03-25,2024-04-01,2,participacion_ewm,HARINA,0.0,0.13872963758447063
2024-03-25,2024-04-01,2,participacion_ewm,CHOCOLATE,0.625,0.14448432896596766
2024-03-25,2024-04-01,2,participacion_ewm,FONDANT,0.0,0.059675499119794674
2024-03-25,2024-04-01,2,participacion_ewm,EMPAQUE,0.0,0.07318959898209332
2024-03-25,2024-04-01,2,participacion_ewm,CHANTILLY,0.0,0.05075348528506884
2024-03-25,2024-04-01,2,participacion_ewm,RELLENO,0.0,0.06705511071353004
2024-03-25,2024-04-01,2,participacion_ewm,DECORACION,0.0,0.05056970968481893
2024-03-25,2024-04-01,2,participacion_ewm,HUEVO,0.0,0.02155781255529987
2024-03-25,2024-04-01,2,participacion_ewm,AMBIANTE,0.375,0.05274136593717185
2024-03-25,2024-04-01,2,participacion_ewm,DOMO,0.0,0.009985258149233952
2024-03-25,2024-04-01,2,participacion_ewm,CAPACILLOS,0.0,0.010619194619517195
2024-03-25,2024-04-01,2,participacion_ewm,OTROS,0.0,0.016941988568336903
2024-03-25,2024-04-01,2,participacion_ewm,otros,0.0,0.3036970098346962
2024-03-25,2024-04-08,3,participacion_historica,HARINA,0.13394725826705733,0.12112475473322429
2024-03-25,2024-04-08,3,participacion_historica,CHOCOLATE,0.0,0.12975022834443403
2024-03-25,2024-04-08,3,participacion_historica,FONDANT,0.18208455420678107,0.0903116183357878
2024-03-25,2024-04-08,3,participacion_historica,EMPAQUE,0.100460443700293,0.07311932282203001
2024-03-25,2024-04-08,3,participacion_historica,CHANTILLY,0.0,0.07911039083439819
2024-03-25,2024-04-08,3,participacion_historica,RELLENO,0.0,0.06313200484807026
2024-03-25,2024-04-08,3,participacion_historica,DECORACION,0.0,0.038449708602804174
2024-03-25,2024-04-08,3,participacion_historica,HUEVO,0.0,0.041447658938876766
2024-03-25,2024-04-08,3,participacion_historica,AMBIANTE,0.0,0.0429668953437275
2024-03-25,2024-04-08,3,participacion_historica,DOMO,0.0,0.021244734858774487
2024-03-25,2024-04-08,3,participacion_historica,CAPACILLOS,0.0,0.013073272758800249
2024-03-25,2024-04-08,3,participacion_historica,OTROS,0.09418166596902469,0.023451773992700438
2024-03-25,2024-04-08,3,participacion_historica,otros,0.4893260778568439,0.2628176355863717
2024-03-25,2024-04-08,3,participacion_ewm,HARINA,0.13394725826705733,0.13872963758447063
2024-03-25,2024-04-08,3,participacion_ewm,CHOCOLATE,0.0,0.14448432896596766
2024-03-25,2024-04-08,3,participacion_ewm,FONDANT,0.18208455420678107,0.059675499119794674
2024-03-25,2024-04-08,3,participacion_ewm,EMPAQUE,0.100460443700293,0.07318959898209332
2024-03-25,2024-04-08,3,participacion_ewm,CHANTILLY,0.0,0.05075348528506884
2024-03-25,2024-04-08,3,participacion_ewm,RELLENO,0.0,0.06705511071353004
2024-03-25,2024-04-08,3,participacion_ewm,DECORACION,0.0,0.05056970968481893
2024-03-25,2024-04-08,3,participacion_ewm,HUEVO,0.0,0.02155781255529987
2024-03-25,2024-04-08,3,participacion_ewm,AMBIANTE,0.0,0.05274136593717185
2024-03-25,2024-04-08,3,participacion_ewm,DOMO,0.0,0.009985258149233952
2024-03-25,2024-04-08,3,participacion_ewm,CAPACILLOS,0.0,0.010619194619517195
2024-03-25,2024-04-08,3,participacion_ewm,OTROS,0.09418166596902469,0.016941988568336903
2024-03-25,2024-04-08,3,participacion_ewm,otros,0.4893260778568439,0.3036970098346962
2024-03-25,2024-04-15,4,participacion_historica,HARINA,0.12528017334049654,0.12112475473322429
2024-03-25,2024-04-15,4,participacion_historica,CHOCOLATE,0.1177938922582453,0.12975022834443403
2024-03-25,2024-04-15,4,participacion_historica,FONDANT,0.10622492649388302,0.0903116183357878
2024-03-25,2024-04-15,4,participacion_historica,EMPAQUE,0.09269517980765095,0.07311932282203001
2024-03-25,2024-04-15,4,participacion_historica,CHANTILLY,0.08455242200740275,0.07911039083439819
2024-03-25,2024-04-15,4,participacion_historica,RELLENO,0.07854898999209707,0.06313200484807026
2024-03-25,2024-04-15,4,participacion_historica,DECORACION,0.06558774497714379,0.038449708602804174
2024-03-25,2024-04-15,4,participacion_historica,HUEVO,0.033690612518849146,0.041447658938876766
2024-03-25,2024-04-15,4,participacion_historica,AMBIANTE,0.034664886737069765,0.0429668953437275
2024-03-25,2024-04-15,4,participacion_historica,DOMO,0.024712091774777945,0.021244734858774487
2024-03-25,2024-04-15,4,participacion_historica,CAPACILLOS,0.02501679186636096,0.013073272758800249
2024-03-25,2024-04-15,4,participacion_historica,OTROS,0.024268139046044062,0.023451773992700438
2024-03-25,2024-04-15,4,participacion_historica,otros,0.1869641491799786,0.2628176355863717
2024-03-25,2024-04-15,4,participacion_ewm,HARINA,0.12528017334049654,0.13872963758447063
2024-03-25,2024-04-15,4,participacion_ewm,CHOCOLATE,0.1177938922582453,0.14448432896596766
2024-03-25,2024-04-15,4,participacion_ewm,FONDANT,0.10622492649388302,0.059675499119794674
2024-03-25,2024-04-15,4,participacion_ewm,EMPAQUE,0.09269517980765095,0.07318959898209332
2024-03-25,2024-04-15,4,participacion_ewm,CHANTILLY,0.08455242200740275,0.05075348528506884
2024-03-25,2024-04-15,4,participacion_ewm,RELLENO,0.07854898999209707,0.06705511071353004
2024-03-25,2024-04-15,4,participacion_ewm,DECORACION,0.06558774497714379,0.05056970968481893
2024-03-25,2024-04-15,4,participacion_ewm,HUEVO,0.033690612518849146,0.02155781255529987
2024-03-25,2024-04-15,4,participacion_ewm,AMBIANTE,0.034664886737069765,0.05274136593717185
2024-03-25,2024-04-15,4,participacion_ewm,DOMO,0.024712091774777945,0.009985258149233952
2024-03-25,2024-04-15,4,participacion_ewm,CAPACILLOS,0.02501679186636096,0.010619194619517195
2024-03-25,2024-04-15,4,participacion_ewm,OTROS,0.024268139046044062,0.016941988568336903
2024-03-25,2024-04-15,4,participacion_ewm,otros,0.1869641491799786,0.3036970098346962
